1,0000	3,4000
2,0000	4,1000
3,0000	59,4000
4,0000	73,0000
5,0000	60,3000
6,0000	63,4000
7,0000	72,4000
8,0000	75,6000
9,0000	84,9000
10,0000	87,7000
11,0000	96,9000
12,0000	100,5000
13,0000	109,1000
14,0000	112,5000
15,0000	121,4000
16,0000	124,4000
17,0000	133,7000
18,0000	136,7000
19,0000	145,8000
20,0000	148,8000
21,0000	158,9000
22,0000	163,4000
23,0000	170,6000
24,0000	176,3000
25,0000	186,8000
26,0000	190,3000
27,0000	194,9000
28,0000	198,1000
29,0000	207,2000
30,0000	210,7000
31,0000	219,3000
32,0000	221,1000
33,0000	232,1000
34,0000	235,0000
35,0000	244,0000
36,0000	247,0000
37,0000	256,1000
38,0000	259,5000
39,0000	268,5000
40,0000	271,7000
41,0000	281,0000
42,0000	283,8000
43,0000	292,7000
44,0000	296,5000
45,0000	305,5000
46,0000	308,8000
47,0000	317,9000
48,0000	321,0000
49,0000	329,9000
50,0000	333,6000
51,0000	342,5000
52,0000	345,1000
53,0000	354,7000
54,0000	357,4000
55,0000	366,8000
56,0000	369,6000
57,0000	378,7000
58,0000	382,0000
59,0000	391,3000
60,0000	394,2000
61,0000	403,7000
62,0000	406,7000
63,0000	415,7000
64,0000	417,3000
65,0000	428,2000
66,0000	431,6000
67,0000	440,7000
68,0000	443,8000
69,0000	452,9000
70,0000	456,0000
71,0000	465,1000
72,0000	468,4000
73,0000	477,2000
74,0000	480,9000
75,0000	489,6000
76,0000	493,5000
77,0000	502,0000
78,0000	505,6000
79,0000	514,3000
80,0000	517,1000
81,0000	526,5000
82,0000	530,1000
83,0000	538,8000
84,0000	541,6000
85,0000	551,1000
86,0000	554,5000
87,0000	563,6000
88,0000	566,2000
89,0000	575,4000
90,0000	578,5000
91,0000	587,6000
92,0000	590,4000
93,0000	599,9000
94,0000	603,0000
95,0000	611,8000
96,0000	615,3000
97,0000	624,6000
98,0000	628,2000
99,0000	636,8000
100,0000	640,5000
