1,0000	3,4000
2,0000	4,0000
3,0000	58,8000
4,0000	72,4000
5,0000	59,9000
6,0000	63,0000
7,0000	72,1000
8,0000	75,7000
9,0000	84,2000
10,0000	87,6000
11,0000	96,3000
12,0000	99,6000
13,0000	108,8000
14,0000	112,0000
15,0000	121,0000
16,0000	123,8000
17,0000	133,1000
18,0000	136,2000
19,0000	145,3000
20,0000	148,2000
21,0000	157,7000
22,0000	160,6000
23,0000	170,4000
24,0000	172,9000
25,0000	181,9000
26,0000	185,1000
27,0000	194,4000
28,0000	197,7000
29,0000	206,7000
30,0000	209,8000
31,0000	218,8000
32,0000	220,4000
33,0000	231,4000
34,0000	234,5000
35,0000	243,6000
36,0000	246,5000
37,0000	255,5000
38,0000	258,9000
39,0000	267,6000
40,0000	271,2000
41,0000	280,1000
42,0000	283,0000
43,0000	292,1000
44,0000	295,4000
45,0000	305,1000
46,0000	313,1000
47,0000	317,8000
48,0000	320,3000
49,0000	330,5000
50,0000	332,3000
51,0000	341,9000
52,0000	344,9000
53,0000	353,8000
54,0000	357,1000
55,0000	366,0000
56,0000	369,1000
57,0000	378,2000
58,0000	381,4000
59,0000	390,7000
60,0000	393,3000
61,0000	403,7000
62,0000	406,3000
63,0000	415,1000
64,0000	420,2000
65,0000	427,5000
66,0000	430,6000
67,0000	440,0000
68,0000	443,1000
69,0000	452,4000
70,0000	455,3000
71,0000	464,7000
72,0000	467,6000
73,0000	477,3000
74,0000	480,5000
75,0000	489,3000
76,0000	492,6000
77,0000	501,4000
78,0000	505,1000
79,0000	513,8000
80,0000	516,5000
81,0000	525,9000
82,0000	529,2000
83,0000	538,3000
84,0000	541,7000
85,0000	550,6000
86,0000	553,8000
87,0000	563,0000
88,0000	565,6000
89,0000	575,1000
90,0000	577,9000
91,0000	586,9000
92,0000	590,4000
93,0000	599,5000
94,0000	602,4000
95,0000	611,4000
96,0000	614,3000
97,0000	624,3000
98,0000	627,4000
99,0000	636,7000
100,0000	640,1000
