1.0000	0.6000
2.0000	1.4000
3.0000	5.0000
4.0000	6.0000
5.0000	4.5000
6.0000	4.6000
7.0000	4.7000
8.0000	5.0000
9.0000	5.0000
10.0000	5.2000
11.0000	5.5000
12.0000	5.5000
13.0000	5.7000
14.0000	5.9000
15.0000	6.8000
16.0000	6.9000
17.0000	7.1000
18.0000	7.1000
19.0000	7.3000
20.0000	7.4000
21.0000	7.6000
22.0000	7.7000
23.0000	7.9000
24.0000	8.1000
25.0000	8.2000
26.0000	8.3000
27.0000	8.5000
28.0000	8.6000
29.0000	8.7000
30.0000	8.9000
31.0000	10.2000
32.0000	10.4000
33.0000	10.7000
34.0000	10.6000
35.0000	10.8000
36.0000	10.9000
37.0000	11.1000
38.0000	11.3000
39.0000	11.4000
40.0000	11.5000
41.0000	11.6000
42.0000	11.8000
43.0000	12.1000
44.0000	12.2000
45.0000	12.3000
46.0000	13.8000
47.0000	14.0000
48.0000	14.1000
49.0000	14.4000
50.0000	14.6000
51.0000	14.8000
52.0000	15.1000
53.0000	15.4000
54.0000	15.7000
55.0000	15.9000
56.0000	16.0000
57.0000	16.1000
58.0000	16.3000
59.0000	16.6000
60.0000	16.7000
61.0000	16.8000
62.0000	17.0000
63.0000	17.1000
64.0000	17.3000
65.0000	17.4000
66.0000	17.5000
67.0000	17.7000
68.0000	17.9000
69.0000	18.0000
70.0000	18.1000
71.0000	18.3000
72.0000	18.4000
73.0000	18.6000
74.0000	18.8000
75.0000	19.1000
76.0000	20.1000
77.0000	20.3000
78.0000	20.4000
79.0000	20.6000
80.0000	20.8000
81.0000	21.1000
82.0000	21.1000
83.0000	21.2000
84.0000	21.4000
85.0000	21.5000
86.0000	21.9000
87.0000	21.9000
88.0000	22.0000
89.0000	22.3000
90.0000	22.3000
91.0000	23.8000
92.0000	24.0000
93.0000	24.2000
94.0000	24.6000
95.0000	24.9000
96.0000	25.1000
97.0000	25.3000
98.0000	25.5000
99.0000	25.8000
100.0000	26.0000
