1.0000	0.6000
2.0000	1.2000
3.0000	4.3000
4.0000	5.4000
5.0000	5.5000
6.0000	5.7000
7.0000	5.9000
8.0000	6.1000
9.0000	6.2000
10.0000	6.5000
11.0000	6.8000
12.0000	6.8000
13.0000	7.1000
14.0000	7.2000
15.0000	9.6000
16.0000	9.7000
17.0000	10.0000
18.0000	10.2000
19.0000	10.3000
20.0000	10.7000
21.0000	10.8000
22.0000	11.0000
23.0000	11.4000
24.0000	11.5000
25.0000	11.7000
26.0000	11.9000
27.0000	12.1000
28.0000	12.2000
29.0000	12.5000
30.0000	12.8000
31.0000	15.3000
32.0000	15.3000
33.0000	15.6000
34.0000	16.0000
35.0000	16.0000
36.0000	16.3000
37.0000	16.5000
38.0000	16.7000
39.0000	17.0000
40.0000	17.3000
41.0000	17.3000
42.0000	17.6000
43.0000	17.9000
44.0000	17.9000
45.0000	18.2000
46.0000	20.4000
47.0000	20.6000
48.0000	20.8000
49.0000	21.4000
50.0000	21.6000
51.0000	22.0000
52.0000	22.4000
53.0000	22.5000
54.0000	23.0000
55.0000	23.1000
56.0000	23.4000
57.0000	24.0000
58.0000	24.0000
59.0000	24.3000
60.0000	25.0000
61.0000	25.6000
62.0000	25.8000
63.0000	26.0000
64.0000	26.2000
65.0000	26.4000
66.0000	26.6000
67.0000	26.9000
68.0000	27.1000
69.0000	27.3000
70.0000	27.4000
71.0000	27.7000
72.0000	28.0000
73.0000	28.0000
74.0000	28.4000
75.0000	28.6000
76.0000	30.9000
77.0000	31.1000
78.0000	31.4000
79.0000	32.0000
80.0000	31.9000
81.0000	32.5000
82.0000	32.3000
83.0000	33.3000
84.0000	33.2000
85.0000	33.2000
86.0000	33.9000
87.0000	34.2000
88.0000	34.3000
89.0000	34.4000
90.0000	35.1000
91.0000	36.1000
92.0000	36.2000
93.0000	36.5000
94.0000	36.7000
95.0000	36.9000
96.0000	37.1000
97.0000	37.4000
98.0000	37.4000
99.0000	37.8000
100.0000	38.0000
