1.0000	1.3000
2.0000	1.9000
3.0000	4.4000
4.0000	5.3000
5.0000	5.6000
6.0000	5.7000
7.0000	5.9000
8.0000	6.1000
9.0000	6.3000
10.0000	6.6000
11.0000	6.9000
12.0000	6.9000
13.0000	7.2000
14.0000	7.3000
15.0000	9.7000
16.0000	9.8000
17.0000	9.9000
18.0000	10.3000
19.0000	10.5000
20.0000	10.6000
21.0000	10.9000
22.0000	11.2000
23.0000	11.3000
24.0000	11.4000
25.0000	11.7000
26.0000	12.0000
27.0000	12.1000
28.0000	12.4000
29.0000	12.6000
30.0000	12.8000
31.0000	15.2000
32.0000	15.4000
33.0000	15.7000
34.0000	16.0000
35.0000	16.2000
36.0000	16.4000
37.0000	16.5000
38.0000	16.8000
39.0000	17.1000
40.0000	17.3000
41.0000	17.4000
42.0000	17.7000
43.0000	17.8000
44.0000	18.1000
45.0000	18.5000
46.0000	20.4000
47.0000	20.6000
48.0000	21.3000
49.0000	21.5000
50.0000	21.5000
51.0000	22.5000
52.0000	22.1000
53.0000	22.6000
54.0000	23.1000
55.0000	23.0000
56.0000	23.1000
57.0000	23.6000
58.0000	23.8000
59.0000	24.2000
60.0000	24.8000
61.0000	25.7000
62.0000	25.8000
63.0000	26.1000
64.0000	26.2000
65.0000	26.4000
66.0000	26.7000
67.0000	26.9000
68.0000	27.2000
69.0000	27.2000
70.0000	27.5000
71.0000	27.8000
72.0000	28.0000
73.0000	28.1000
74.0000	28.3000
75.0000	28.6000
76.0000	31.1000
77.0000	31.3000
78.0000	31.6000
79.0000	31.5000
80.0000	31.8000
81.0000	32.5000
82.0000	33.1000
83.0000	32.8000
84.0000	33.3000
85.0000	33.6000
86.0000	33.7000
87.0000	34.2000
88.0000	34.4000
89.0000	34.6000
90.0000	35.2000
91.0000	36.3000
92.0000	36.3000
93.0000	36.5000
94.0000	36.7000
95.0000	37.0000
96.0000	37.2000
97.0000	37.4000
98.0000	37.7000
99.0000	37.7000
100.0000	37.9000
