1.0000	0.7000
2.0000	1.4000
3.0000	4.7000
4.0000	5.9000
5.0000	4.2000
6.0000	4.4000
7.0000	4.6000
8.0000	4.8000
9.0000	4.9000
10.0000	5.0000
11.0000	5.2000
12.0000	5.2000
13.0000	5.5000
14.0000	5.7000
15.0000	6.7000
16.0000	6.9000
17.0000	7.0000
18.0000	7.2000
19.0000	7.4000
20.0000	7.4000
21.0000	7.7000
22.0000	7.8000
23.0000	8.0000
24.0000	8.2000
25.0000	8.3000
26.0000	8.6000
27.0000	8.6000
28.0000	8.8000
29.0000	8.8000
30.0000	8.9000
31.0000	10.3000
32.0000	10.5000
33.0000	10.7000
34.0000	10.7000
35.0000	10.8000
36.0000	11.0000
37.0000	11.2000
38.0000	11.2000
39.0000	11.5000
40.0000	11.7000
41.0000	11.9000
42.0000	12.0000
43.0000	12.0000
44.0000	12.2000
45.0000	12.4000
46.0000	13.7000
47.0000	13.9000
48.0000	14.0000
49.0000	14.5000
50.0000	14.5000
51.0000	14.9000
52.0000	15.1000
53.0000	15.1000
54.0000	15.4000
55.0000	15.4000
56.0000	15.9000
57.0000	15.9000
58.0000	16.2000
59.0000	16.4000
60.0000	16.8000
61.0000	17.4000
62.0000	17.6000
63.0000	17.6000
64.0000	17.6000
65.0000	17.8000
66.0000	17.8000
67.0000	17.9000
68.0000	18.5000
69.0000	18.7000
70.0000	18.5000
71.0000	18.7000
72.0000	18.8000
73.0000	18.8000
74.0000	19.2000
75.0000	19.2000
76.0000	20.2000
77.0000	20.6000
78.0000	20.6000
79.0000	20.7000
80.0000	21.0000
81.0000	21.2000
82.0000	21.4000
83.0000	21.6000
84.0000	21.5000
85.0000	21.9000
86.0000	22.0000
87.0000	22.3000
88.0000	22.2000
89.0000	22.5000
90.0000	22.5000
91.0000	23.8000
92.0000	24.2000
93.0000	24.3000
94.0000	24.7000
95.0000	24.6000
96.0000	25.2000
97.0000	25.3000
98.0000	25.4000
99.0000	25.6000
100.0000	25.8000
