1.0000	0.6000
2.0000	1.2000
3.0000	4.6000
4.0000	5.6000
5.0000	4.3000
6.0000	4.5000
7.0000	4.6000
8.0000	4.7000
9.0000	4.8000
10.0000	5.0000
11.0000	5.2000
12.0000	5.2000
13.0000	5.5000
14.0000	5.6000
15.0000	6.7000
16.0000	6.8000
17.0000	7.0000
18.0000	7.2000
19.0000	7.3000
20.0000	7.5000
21.0000	7.7000
22.0000	8.0000
23.0000	8.1000
24.0000	8.2000
25.0000	8.4000
26.0000	8.6000
27.0000	8.7000
28.0000	8.8000
29.0000	9.0000
30.0000	9.0000
31.0000	10.2000
32.0000	10.4000
33.0000	10.7000
34.0000	10.8000
35.0000	11.0000
36.0000	11.1000
37.0000	11.2000
38.0000	11.3000
39.0000	11.5000
40.0000	11.6000
41.0000	11.8000
42.0000	12.0000
43.0000	12.1000
44.0000	12.2000
45.0000	12.3000
46.0000	13.8000
47.0000	14.0000
48.0000	14.2000
49.0000	14.5000
50.0000	14.7000
51.0000	15.0000
52.0000	15.0000
53.0000	15.4000
54.0000	15.4000
55.0000	15.7000
56.0000	15.8000
57.0000	16.0000
58.0000	16.0000
59.0000	16.4000
60.0000	16.5000
61.0000	17.2000
62.0000	17.3000
63.0000	17.5000
64.0000	17.6000
65.0000	17.7000
66.0000	17.8000
67.0000	17.9000
68.0000	18.1000
69.0000	18.3000
70.0000	18.4000
71.0000	18.6000
72.0000	18.9000
73.0000	19.0000
74.0000	19.1000
75.0000	19.2000
76.0000	20.3000
77.0000	20.4000
78.0000	20.7000
79.0000	20.9000
80.0000	21.0000
81.0000	21.2000
82.0000	21.3000
83.0000	21.4000
84.0000	21.7000
85.0000	21.8000
86.0000	22.1000
87.0000	22.4000
88.0000	22.6000
89.0000	22.5000
90.0000	22.4000
91.0000	24.0000
92.0000	24.1000
93.0000	24.2000
94.0000	24.5000
95.0000	25.0000
96.0000	25.1000
97.0000	25.3000
98.0000	25.5000
99.0000	25.9000
100.0000	25.9000
