1.0000	0.5000
2.0000	1.2000
3.0000	4.7000
4.0000	5.7000
5.0000	4.1000
6.0000	4.3000
7.0000	4.3000
8.0000	4.6000
9.0000	4.7000
10.0000	4.8000
11.0000	4.9000
12.0000	5.0000
13.0000	5.2000
14.0000	5.2000
15.0000	5.3000
16.0000	5.5000
17.0000	6.4000
18.0000	6.6000
19.0000	6.7000
20.0000	6.9000
21.0000	7.2000
22.0000	7.1000
23.0000	7.3000
24.0000	7.3000
25.0000	7.5000
26.0000	7.6000
27.0000	7.7000
28.0000	7.8000
29.0000	8.0000
30.0000	8.1000
31.0000	8.3000
32.0000	8.2000
33.0000	9.4000
34.0000	9.5000
35.0000	9.8000
36.0000	9.7000
37.0000	10.0000
38.0000	10.2000
39.0000	10.3000
40.0000	10.3000
41.0000	10.8000
42.0000	10.7000
43.0000	10.8000
44.0000	11.0000
45.0000	12.5000
46.0000	12.6000
47.0000	12.6000
48.0000	14.2000
49.0000	12.6000
50.0000	12.7000
51.0000	12.9000
52.0000	13.1000
53.0000	13.2000
54.0000	13.4000
55.0000	13.6000
56.0000	13.5000
57.0000	13.9000
58.0000	13.8000
59.0000	14.2000
60.0000	14.2000
61.0000	14.6000
62.0000	14.7000
63.0000	14.8000
64.0000	14.9000
65.0000	15.4000
66.0000	15.6000
67.0000	15.8000
68.0000	16.0000
69.0000	16.0000
70.0000	16.1000
71.0000	16.2000
72.0000	16.4000
73.0000	16.4000
74.0000	16.5000
75.0000	16.7000
76.0000	16.8000
77.0000	17.0000
78.0000	17.1000
79.0000	17.2000
80.0000	17.3000
81.0000	18.4000
82.0000	18.6000
83.0000	18.7000
84.0000	18.7000
85.0000	18.9000
86.0000	19.1000
87.0000	19.3000
88.0000	19.4000
89.0000	19.6000
90.0000	19.6000
91.0000	19.7000
92.0000	19.8000
93.0000	20.1000
94.0000	20.2000
95.0000	20.3000
96.0000	20.4000
97.0000	21.5000
98.0000	21.7000
99.0000	22.1000
100.0000	22.3000
