1.0000	0.6000
2.0000	1.1000
3.0000	3.5000
4.0000	3.7000
5.0000	3.8000
6.0000	3.9000
7.0000	4.0000
8.0000	4.2000
9.0000	4.4000
10.0000	4.4000
11.0000	4.5000
12.0000	4.6000
13.0000	4.7000
14.0000	4.9000
15.0000	5.0000
16.0000	5.2000
17.0000	6.1000
18.0000	6.1000
19.0000	6.1000
20.0000	6.3000
21.0000	6.3000
22.0000	6.4000
23.0000	6.6000
24.0000	6.7000
25.0000	6.8000
26.0000	7.0000
27.0000	7.1000
28.0000	7.2000
29.0000	7.3000
30.0000	7.5000
31.0000	7.5000
32.0000	7.6000
33.0000	8.9000
34.0000	9.0000
35.0000	9.1000
36.0000	9.2000
37.0000	9.2000
38.0000	9.4000
39.0000	9.5000
40.0000	9.7000
41.0000	9.8000
42.0000	9.9000
43.0000	10.0000
44.0000	10.1000
45.0000	10.2000
46.0000	10.5000
47.0000	10.5000
48.0000	10.5000
49.0000	11.8000
50.0000	11.9000
51.0000	12.1000
52.0000	12.2000
53.0000	12.3000
54.0000	12.5000
55.0000	12.6000
56.0000	12.9000
57.0000	13.1000
58.0000	13.3000
59.0000	13.5000
60.0000	13.9000
61.0000	14.0000
62.0000	14.0000
63.0000	14.2000
64.0000	14.3000
65.0000	14.5000
66.0000	14.7000
67.0000	14.6000
68.0000	14.8000
69.0000	14.9000
70.0000	15.0000
71.0000	15.2000
72.0000	15.2000
73.0000	15.3000
74.0000	15.5000
75.0000	15.7000
76.0000	15.8000
77.0000	15.8000
78.0000	15.9000
79.0000	16.0000
80.0000	16.3000
81.0000	17.3000
82.0000	17.4000
83.0000	17.6000
84.0000	17.7000
85.0000	18.0000
86.0000	17.9000
87.0000	18.2000
88.0000	18.2000
89.0000	18.4000
90.0000	18.6000
91.0000	18.8000
92.0000	18.8000
93.0000	18.9000
94.0000	19.0000
95.0000	19.1000
96.0000	19.2000
97.0000	20.3000
98.0000	20.4000
99.0000	20.7000
100.0000	20.9000
