6.0505044E+1
7.5517311E+0
-1.9757367E+1
8.0433629E+0
1.6662648E+1
-7.3516916E+0
5.7723738E-1
-2.2312692E+2
-7.6079320E+0
-7.2386007E-3
-5.5900886E+2
1.6887426E+2
-1.3559071E+1
1.8469899E+2
2.4251201E+1
-3.2115301E-1
3.7498745E+2
5.7736696E+1
-1.2827588E+0
1.3657893E-1
6.4668115E+2
-3.7197832E+2
-3.6371636E+1
-1.9141022E+3
2.9674215E+1
-4.8276260E-1
1.1379566E+3
-1.2079085E+1
-1.4222895E+0
3.0825578E-1
4.3059700E+3
8.4802640E+1
-7.0336597E+0
6.3897771E-1
2.4613534E-1
7.0175048E+3
1.3779310E+3
2.1221082E+2
-2.6224692E+3
-2.1201180E+2
1.9489477E+0
-1.1300376E+4
-6.4020095E+2
1.4862786E+1
-1.6889832E-1
-1.6121937E+3
2.1988389E+2
3.2225499E+1
-3.6439528E+0
-1.0749706E-1
-4.4822341E+3
5.0371549E+2
3.0225677E+1
3.9380632E+0
-5.6924680E-2
-5.0221578E-2
-3.1696883E+3
2.0815453E+3
1.9892377E+2
1.0664458E+4
2.3060300E+2
2.5970445E+0
-5.8388364E+3
-1.1676451E+2
8.6480785E+0
-1.8490593E+0
-4.9164047E+3
-1.7483291E+3
-7.1317509E+1
-2.0457989E+0
-6.8736827E-2
-1.9914516E+3
3.1657096E+2
1.6817788E+1
1.6283761E+0
-4.3942755E-2
-8.5014856E-3
-1.1832594E+4
2.9002268E+2
9.0552837E+1
7.1801308E+0
1.0191033E+0
-7.5427734E-2
-3.4449896E-2
-2.2530220E+4
-1.3884458E+4
-9.6705586E+2
8.4271248E+3
6.1757455E+2
5.3222796E+0
6.4154839E+4
3.2806545E+3
6.9236078E+1
3.1337708E+0
1.2209091E+4
-1.7870051E+3
-2.1798334E+2
1.6580341E+1
4.1252581E-1
2.4272514E+4
-2.1523820E+3
-4.5821414E+2
-2.0614047E+1
-1.1849394E+0
7.4276070E-2
5.6642547E+3
-6.6219553E+2
-3.3134142E+0
2.0956315E+1
-7.0783174E-1
-3.1201186E-2
7.1164719E-3
1.8867811E+4
-1.5759815E+3
8.3700480E+1
2.6021029E+1
-4.2591574E-1
-5.4411509E-1
1.2558930E-2
7.9297857E-3
