1.0000	1.3000
2.0000	1.9000
3.0000	5.7000
4.0000	6.8000
5.0000	7.4000
6.0000	7.5000
7.0000	7.7000
8.0000	7.8000
9.0000	8.0000
10.0000	8.1000
11.0000	8.2000
12.0000	8.4000
13.0000	8.5000
14.0000	8.7000
15.0000	8.8000
16.0000	8.9000
17.0000	9.1000
18.0000	9.2000
19.0000	9.4000
20.0000	9.5000
21.0000	9.7000
22.0000	9.8000
23.0000	10.0000
24.0000	10.1000
25.0000	10.1000
26.0000	10.4000
27.0000	10.6000
28.0000	10.7000
29.0000	10.8000
30.0000	11.0000
31.0000	15.0000
32.0000	15.1000
33.0000	15.3000
34.0000	15.5000
35.0000	15.7000
36.0000	15.9000
37.0000	16.0000
38.0000	16.1000
39.0000	16.3000
40.0000	16.4000
41.0000	16.5000
42.0000	16.7000
43.0000	16.8000
44.0000	16.9000
45.0000	17.1000
46.0000	17.2000
47.0000	17.4000
48.0000	17.5000
49.0000	17.8000
50.0000	17.8000
51.0000	18.0000
52.0000	18.0000
53.0000	18.2000
54.0000	18.4000
55.0000	18.6000
56.0000	18.7000
57.0000	18.8000
58.0000	19.0000
59.0000	19.2000
60.0000	19.2000
61.0000	23.3000
62.0000	23.5000
63.0000	23.6000
64.0000	23.8000
65.0000	23.8000
66.0000	23.9000
67.0000	24.0000
68.0000	24.2000
69.0000	24.5000
70.0000	24.5000
71.0000	24.7000
72.0000	24.8000
73.0000	25.0000
74.0000	25.2000
75.0000	25.4000
76.0000	25.4000
77.0000	25.5000
78.0000	25.6000
79.0000	26.0000
80.0000	26.0000
81.0000	26.1000
82.0000	26.3000
83.0000	26.4000
84.0000	26.7000
85.0000	26.7000
86.0000	26.8000
87.0000	27.0000
88.0000	27.1000
89.0000	27.3000
90.0000	27.3000
91.0000	31.4000
92.0000	31.7000
93.0000	31.8000
94.0000	31.9000
95.0000	32.1000
96.0000	32.3000
97.0000	32.4000
98.0000	32.5000
99.0000	32.8000
100.0000	32.9000
