1.0000	0.5000
2.0000	1.0000
3.0000	4.7000
4.0000	5.8000
5.0000	4.3000
6.0000	4.5000
7.0000	4.6000
8.0000	4.7000
9.0000	4.9000
10.0000	5.1000
11.0000	5.2000
12.0000	5.4000
13.0000	5.4000
14.0000	5.7000
15.0000	6.8000
16.0000	6.9000
17.0000	7.1000
18.0000	7.3000
19.0000	7.5000
20.0000	7.6000
21.0000	7.8000
22.0000	7.9000
23.0000	8.0000
24.0000	8.1000
25.0000	8.4000
26.0000	8.4000
27.0000	8.7000
28.0000	8.8000
29.0000	9.0000
30.0000	8.9000
31.0000	10.4000
32.0000	10.5000
33.0000	10.6000
34.0000	10.7000
35.0000	10.9000
36.0000	11.1000
37.0000	11.2000
38.0000	11.5000
39.0000	11.6000
40.0000	11.7000
41.0000	11.8000
42.0000	11.9000
43.0000	12.2000
44.0000	12.3000
45.0000	12.5000
46.0000	13.7000
47.0000	14.1000
48.0000	14.4000
49.0000	14.3000
50.0000	14.8000
51.0000	15.0000
52.0000	15.0000
53.0000	15.0000
54.0000	15.3000
55.0000	15.7000
56.0000	16.0000
57.0000	15.9000
58.0000	16.3000
59.0000	16.4000
60.0000	16.7000
61.0000	17.1000
62.0000	17.4000
63.0000	17.4000
64.0000	17.6000
65.0000	17.8000
66.0000	17.7000
67.0000	18.1000
68.0000	18.2000
69.0000	18.4000
70.0000	18.5000
71.0000	18.6000
72.0000	18.6000
73.0000	18.7000
74.0000	19.1000
75.0000	19.1000
76.0000	20.4000
77.0000	20.9000
78.0000	20.8000
79.0000	20.9000
80.0000	21.0000
81.0000	21.1000
82.0000	21.3000
83.0000	21.4000
84.0000	21.7000
85.0000	21.9000
86.0000	22.1000
87.0000	22.2000
88.0000	22.2000
89.0000	22.4000
90.0000	22.5000
91.0000	23.9000
92.0000	24.2000
93.0000	24.7000
94.0000	24.5000
95.0000	24.8000
96.0000	25.2000
97.0000	25.3000
98.0000	25.6000
99.0000	25.7000
100.0000	25.9000
