1.0000	0.6000
2.0000	1.1000
3.0000	4.3000
4.0000	5.2000
5.0000	5.5000
6.0000	5.6000
7.0000	6.0000
8.0000	6.0000
9.0000	6.3000
10.0000	6.5000
11.0000	6.6000
12.0000	6.7000
13.0000	7.0000
14.0000	7.3000
15.0000	9.5000
16.0000	9.6000
17.0000	10.0000
18.0000	10.1000
19.0000	10.3000
20.0000	10.6000
21.0000	10.9000
22.0000	11.2000
23.0000	11.3000
24.0000	11.5000
25.0000	11.7000
26.0000	11.9000
27.0000	12.1000
28.0000	12.3000
29.0000	12.5000
30.0000	12.7000
31.0000	15.1000
32.0000	15.2000
33.0000	15.7000
34.0000	15.8000
35.0000	16.0000
36.0000	16.3000
37.0000	16.5000
38.0000	16.7000
39.0000	17.0000
40.0000	17.0000
41.0000	17.5000
42.0000	17.6000
43.0000	17.8000
44.0000	18.1000
45.0000	18.3000
46.0000	20.4000
47.0000	20.7000
48.0000	21.0000
49.0000	21.5000
50.0000	22.0000
51.0000	21.9000
52.0000	22.1000
53.0000	22.5000
54.0000	22.7000
55.0000	23.2000
56.0000	23.8000
57.0000	23.6000
58.0000	23.6000
59.0000	24.3000
60.0000	24.5000
61.0000	25.7000
62.0000	25.6000
63.0000	25.9000
64.0000	26.1000
65.0000	26.4000
66.0000	26.5000
67.0000	26.8000
68.0000	27.0000
69.0000	27.4000
70.0000	27.5000
71.0000	27.5000
72.0000	27.9000
73.0000	28.1000
74.0000	28.3000
75.0000	28.4000
76.0000	30.8000
77.0000	31.7000
78.0000	31.5000
79.0000	31.7000
80.0000	32.1000
81.0000	32.3000
82.0000	32.8000
83.0000	32.8000
84.0000	32.9000
85.0000	33.4000
86.0000	33.6000
87.0000	34.1000
88.0000	34.5000
89.0000	34.4000
90.0000	34.8000
91.0000	36.1000
92.0000	36.2000
93.0000	36.6000
94.0000	36.7000
95.0000	36.9000
96.0000	37.1000
97.0000	37.3000
98.0000	37.5000
99.0000	37.8000
100.0000	38.0000
