1.0000	1.3000
2.0000	1.7000
3.0000	4.4000
4.0000	5.3000
5.0000	5.6000
6.0000	5.8000
7.0000	6.0000
8.0000	6.1000
9.0000	6.4000
10.0000	6.5000
11.0000	6.7000
12.0000	6.8000
13.0000	7.2000
14.0000	7.3000
15.0000	9.6000
16.0000	9.9000
17.0000	10.3000
18.0000	10.3000
19.0000	10.5000
20.0000	10.7000
21.0000	11.1000
22.0000	11.2000
23.0000	11.4000
24.0000	11.6000
25.0000	11.7000
26.0000	11.9000
27.0000	12.1000
28.0000	12.4000
29.0000	12.6000
30.0000	12.9000
31.0000	15.2000
32.0000	15.4000
33.0000	15.7000
34.0000	16.1000
35.0000	16.1000
36.0000	16.4000
37.0000	16.7000
38.0000	16.9000
39.0000	17.1000
40.0000	17.3000
41.0000	17.4000
42.0000	17.7000
43.0000	18.0000
44.0000	18.2000
45.0000	18.3000
46.0000	20.4000
47.0000	21.1000
48.0000	20.8000
49.0000	21.5000
50.0000	21.8000
51.0000	22.3000
52.0000	21.8000
53.0000	22.3000
54.0000	22.7000
55.0000	23.5000
56.0000	23.2000
57.0000	23.9000
58.0000	23.8000
59.0000	24.5000
60.0000	24.5000
61.0000	25.7000
62.0000	25.9000
63.0000	26.0000
64.0000	26.1000
65.0000	26.4000
66.0000	26.6000
67.0000	26.9000
68.0000	27.2000
69.0000	27.4000
70.0000	27.6000
71.0000	27.7000
72.0000	28.0000
73.0000	28.1000
74.0000	28.4000
75.0000	28.6000
76.0000	31.0000
77.0000	31.6000
78.0000	31.9000
79.0000	31.8000
80.0000	32.2000
81.0000	32.2000
82.0000	32.9000
83.0000	32.5000
84.0000	33.1000
85.0000	33.5000
86.0000	33.8000
87.0000	34.1000
88.0000	34.6000
89.0000	34.5000
90.0000	34.9000
91.0000	36.2000
92.0000	36.4000
93.0000	36.6000
94.0000	36.6000
95.0000	37.1000
96.0000	37.1000
97.0000	37.4000
98.0000	37.6000
99.0000	37.8000
100.0000	38.0000
