1.0000	1.7000
2.0000	2.2000
3.0000	48.5000
4.0000	61.9000
5.0000	34.0000
6.0000	37.3000
7.0000	41.3000
8.0000	43.3000
9.0000	49.2000
10.0000	51.8000
11.0000	56.5000
12.0000	58.7000
13.0000	64.7000
14.0000	67.2000
15.0000	72.1000
16.0000	74.0000
17.0000	80.0000
18.0000	82.5000
19.0000	87.4000
20.0000	89.4000
21.0000	95.3000
22.0000	97.7000
23.0000	102.7000
24.0000	104.8000
25.0000	110.8000
26.0000	112.9000
27.0000	118.1000
28.0000	120.1000
29.0000	126.2000
30.0000	128.3000
31.0000	133.4000
32.0000	135.0000
33.0000	141.7000
34.0000	144.0000
35.0000	149.1000
36.0000	151.1000
37.0000	157.1000
38.0000	159.4000
39.0000	164.4000
40.0000	166.5000
41.0000	172.2000
42.0000	174.6000
43.0000	179.7000
44.0000	181.9000
45.0000	187.7000
46.0000	190.1000
47.0000	195.1000
48.0000	197.2000
49.0000	202.9000
50.0000	205.4000
51.0000	210.3000
52.0000	212.5000
53.0000	218.4000
54.0000	220.8000
55.0000	225.8000
56.0000	227.8000
57.0000	233.7000
58.0000	236.0000
59.0000	241.0000
60.0000	243.2000
61.0000	249.0000
62.0000	251.3000
63.0000	256.5000
64.0000	258.0000
65.0000	264.3000
66.0000	266.6000
67.0000	271.8000
68.0000	273.8000
69.0000	279.8000
70.0000	282.1000
71.0000	287.4000
72.0000	289.1000
73.0000	295.0000
74.0000	297.4000
75.0000	302.6000
76.0000	304.8000
77.0000	310.6000
78.0000	312.9000
79.0000	318.0000
80.0000	320.0000
81.0000	326.0000
82.0000	328.3000
83.0000	333.4000
84.0000	335.4000
85.0000	341.0000
86.0000	343.4000
87.0000	348.6000
88.0000	350.5000
89.0000	356.5000
90.0000	358.7000
91.0000	363.9000
92.0000	365.9000
93.0000	371.9000
94.0000	374.1000
95.0000	379.3000
96.0000	381.6000
97.0000	387.5000
98.0000	389.8000
99.0000	395.1000
100.0000	396.9000
