1.0000	0.7000
2.0000	1.5000
3.0000	5.6000
4.0000	7.0000
5.0000	7.4000
6.0000	7.4000
7.0000	7.6000
8.0000	7.7000
9.0000	7.9000
10.0000	8.0000
11.0000	8.2000
12.0000	8.4000
13.0000	8.4000
14.0000	8.6000
15.0000	8.7000
16.0000	8.9000
17.0000	9.1000
18.0000	9.3000
19.0000	9.3000
20.0000	9.4000
21.0000	9.6000
22.0000	9.7000
23.0000	9.9000
24.0000	10.0000
25.0000	10.1000
26.0000	10.3000
27.0000	10.5000
28.0000	10.5000
29.0000	10.7000
30.0000	10.9000
31.0000	15.0000
32.0000	15.1000
33.0000	15.3000
34.0000	15.4000
35.0000	15.5000
36.0000	15.8000
37.0000	15.9000
38.0000	16.1000
39.0000	16.1000
40.0000	16.3000
41.0000	16.5000
42.0000	16.6000
43.0000	16.7000
44.0000	16.9000
45.0000	17.0000
46.0000	17.1000
47.0000	17.2000
48.0000	17.5000
49.0000	17.6000
50.0000	17.7000
51.0000	17.9000
52.0000	18.1000
53.0000	18.1000
54.0000	18.3000
55.0000	18.4000
56.0000	18.6000
57.0000	18.7000
58.0000	18.8000
59.0000	19.0000
60.0000	19.1000
61.0000	23.2000
62.0000	23.4000
63.0000	23.7000
64.0000	23.6000
65.0000	23.7000
66.0000	24.0000
67.0000	24.0000
68.0000	24.1000
69.0000	24.3000
70.0000	24.5000
71.0000	24.6000
72.0000	24.8000
73.0000	24.9000
74.0000	25.0000
75.0000	25.1000
76.0000	25.3000
77.0000	25.4000
78.0000	25.8000
79.0000	25.8000
80.0000	26.0000
81.0000	26.0000
82.0000	26.2000
83.0000	26.4000
84.0000	26.6000
85.0000	26.7000
86.0000	26.9000
87.0000	27.0000
88.0000	27.0000
89.0000	27.2000
90.0000	27.3000
91.0000	31.5000
92.0000	31.5000
93.0000	31.8000
94.0000	31.9000
95.0000	32.1000
96.0000	32.1000
97.0000	32.5000
98.0000	32.4000
99.0000	32.6000
100.0000	32.9000
