1,0000	0,5354
2,0000	0,5859
3,0000	3,7071
4,0000	3,7677
5,0000	3,8283
6,0000	3,9091
7,0000	3,9798
8,0000	4,0505
9,0000	4,1010
10,0000	4,1818
11,0000	4,2626
12,0000	4,3333
13,0000	4,3838
14,0000	4,4747
15,0000	4,5556
16,0000	4,5960
17,0000	4,6869
18,0000	4,7778
19,0000	4,8384
20,0000	4,9091
21,0000	5,0101
22,0000	5,0505
23,0000	5,1313
24,0000	5,1919
25,0000	5,2727
26,0000	5,3636
27,0000	5,4242
28,0000	5,5253
29,0000	5,5859
30,0000	5,6768
31,0000	5,7475
32,0000	5,9091
33,0000	6,7172
34,0000	6,8081
35,0000	6,8687
36,0000	6,9596
37,0000	7,0303
38,0000	7,1111
39,0000	7,1818
40,0000	7,2525
41,0000	7,3131
42,0000	7,3838
43,0000	7,4343
44,0000	7,5152
45,0000	7,5758
46,0000	7,6667
47,0000	7,7273
48,0000	8,2727
49,0000	10,4747
50,0000	10,5556
51,0000	10,6162
52,0000	10,6869
53,0000	10,7778
54,0000	10,8485
55,0000	10,9091
56,0000	10,9798
57,0000	11,0505
58,0000	11,1313
59,0000	11,2121
60,0000	11,2929
61,0000	11,3535
62,0000	11,4747
63,0000	11,5455
64,0000	11,6768
65,0000	11,8283
66,0000	11,9596
67,0000	12,1111
68,0000	12,2626
69,0000	12,4040
70,0000	12,5960
71,0000	12,7374
72,0000	12,8889
73,0000	13,0404
74,0000	13,1515
75,0000	13,2828
76,0000	13,3838
77,0000	13,4646
78,0000	13,5556
79,0000	13,6566
80,0000	13,7172
81,0000	13,8081
82,0000	13,8990
83,0000	13,9293
84,0000	13,9798
85,0000	14,0606
86,0000	14,1010
87,0000	14,1717
88,0000	14,2222
89,0000	14,2828
90,0000	14,3535
91,0000	14,4040
92,0000	14,4848
93,0000	14,5455
94,0000	14,6465
95,0000	14,6970
96,0000	15,2222
97,0000	17,4545
98,0000	17,5253
99,0000	17,5859
100,0000	17,6364
