1,0000	0,5051
2,0000	0,5354
3,0000	3,6162
4,0000	3,7172
5,0000	3,8081
6,0000	3,8990
7,0000	4,0303
8,0000	4,0505
9,0000	4,1515
10,0000	4,2525
11,0000	4,3434
12,0000	4,4343
13,0000	4,5657
14,0000	4,6263
15,0000	4,7273
16,0000	4,8182
17,0000	5,0505
18,0000	5,1010
19,0000	5,2121
20,0000	5,3232
21,0000	5,3838
22,0000	5,4747
23,0000	5,5657
24,0000	5,6768
25,0000	5,7172
26,0000	5,8485
27,0000	5,9394
28,0000	6,0404
29,0000	6,1212
30,0000	6,2020
31,0000	6,2929
32,0000	6,3939
33,0000	7,5253
34,0000	7,6061
35,0000	7,7071
36,0000	7,7980
37,0000	7,9091
38,0000	8,0404
39,0000	8,0505
40,0000	8,1515
41,0000	8,2626
42,0000	8,3535
43,0000	8,4343
44,0000	8,5354
45,0000	8,6061
46,0000	8,6970
47,0000	8,7980
48,0000	8,8889
49,0000	11,0606
50,0000	11,2626
51,0000	11,5758
52,0000	11,7374
53,0000	12,0808
54,0000	12,2121
55,0000	12,4949
56,0000	12,6465
57,0000	12,8485
58,0000	12,9798
59,0000	13,0808
60,0000	13,1818
61,0000	13,3232
62,0000	13,4242
63,0000	13,5354
64,0000	13,6061
65,0000	13,7677
66,0000	13,8687
67,0000	13,9798
68,0000	14,0404
69,0000	14,1515
70,0000	14,2222
71,0000	14,3434
72,0000	14,4141
73,0000	14,5152
74,0000	14,5859
75,0000	14,6869
76,0000	14,7879
77,0000	14,8788
78,0000	15,0000
79,0000	15,0404
80,0000	15,1414
81,0000	15,2424
82,0000	15,3434
83,0000	15,4444
84,0000	15,5354
85,0000	15,6162
86,0000	15,7071
87,0000	15,7980
88,0000	15,8990
89,0000	16,0404
90,0000	16,0707
91,0000	16,1717
92,0000	16,2626
93,0000	16,3737
94,0000	16,4545
95,0000	16,5455
96,0000	16,6667
97,0000	18,7677
98,0000	18,9899
99,0000	19,0404
100,0000	19,1515
