1.0000	0.4000
2.0000	0.5000
3.0000	4.7000
4.0000	5.6000
5.0000	4.2000
6.0000	4.2000
7.0000	4.4000
8.0000	4.6000
9.0000	4.6000
10.0000	4.8000
11.0000	4.9000
12.0000	5.0000
13.0000	5.0000
14.0000	5.3000
15.0000	5.3000
16.0000	5.5000
17.0000	6.4000
18.0000	6.6000
19.0000	6.7000
20.0000	6.8000
21.0000	6.9000
22.0000	7.1000
23.0000	7.3000
24.0000	7.4000
25.0000	7.5000
26.0000	7.7000
27.0000	7.9000
28.0000	7.8000
29.0000	7.9000
30.0000	8.1000
31.0000	8.3000
32.0000	8.3000
33.0000	9.4000
34.0000	9.7000
35.0000	9.6000
36.0000	9.9000
37.0000	10.0000
38.0000	10.0000
39.0000	10.2000
40.0000	10.4000
41.0000	10.4000
42.0000	10.6000
43.0000	10.7000
44.0000	11.0000
45.0000	11.0000
46.0000	11.1000
47.0000	11.2000
48.0000	11.3000
49.0000	12.5000
50.0000	12.7000
51.0000	13.0000
52.0000	13.1000
53.0000	13.2000
54.0000	13.5000
55.0000	13.5000
56.0000	13.5000
57.0000	13.6000
58.0000	14.0000
59.0000	14.1000
60.0000	14.3000
61.0000	14.4000
62.0000	14.4000
63.0000	14.7000
64.0000	14.8000
65.0000	15.5000
66.0000	15.5000
67.0000	15.7000
68.0000	15.8000
69.0000	15.9000
70.0000	16.2000
71.0000	16.4000
72.0000	16.5000
73.0000	16.5000
74.0000	16.6000
75.0000	16.7000
76.0000	16.9000
77.0000	17.0000
78.0000	17.1000
79.0000	17.3000
80.0000	17.3000
81.0000	18.5000
82.0000	18.6000
83.0000	18.6000
84.0000	18.8000
85.0000	18.9000
86.0000	19.2000
87.0000	19.3000
88.0000	19.5000
89.0000	19.7000
90.0000	19.6000
91.0000	19.9000
92.0000	20.0000
93.0000	20.0000
94.0000	20.1000
95.0000	20.5000
96.0000	20.4000
97.0000	21.6000
98.0000	21.7000
99.0000	21.9000
100.0000	22.1000
