1,0000	0,4949
2,0000	0,5354
3,0000	4,8384
4,0000	4,9192
5,0000	5,0505
6,0000	5,0505
7,0000	5,1515
8,0000	5,2323
9,0000	5,3333
10,0000	5,4040
11,0000	5,4949
12,0000	5,5455
13,0000	5,6566
14,0000	5,7475
15,0000	5,8283
16,0000	5,9192
17,0000	6,8182
18,0000	6,8889
19,0000	7,0000
20,0000	7,0505
21,0000	7,1313
22,0000	7,2121
23,0000	7,3030
24,0000	7,3737
25,0000	7,4949
26,0000	7,5556
27,0000	7,6566
28,0000	7,7374
29,0000	7,8283
30,0000	7,9293
31,0000	8,0404
32,0000	8,0707
33,0000	9,1616
34,0000	9,2626
35,0000	9,3636
36,0000	9,4444
37,0000	9,5556
38,0000	9,6263
39,0000	9,7172
40,0000	9,8081
41,0000	9,8889
42,0000	10,0404
43,0000	10,0606
44,0000	10,1616
45,0000	10,2323
46,0000	10,3333
47,0000	10,4040
48,0000	10,5152
49,0000	11,7071
50,0000	12,1212
51,0000	12,3838
52,0000	12,6364
53,0000	12,8283
54,0000	12,9697
55,0000	13,0707
56,0000	13,1616
57,0000	13,2525
58,0000	13,3333
59,0000	13,4343
60,0000	13,5253
61,0000	13,5859
62,0000	13,6768
63,0000	13,7576
64,0000	13,8586
65,0000	13,9394
66,0000	14,0505
67,0000	14,0808
68,0000	14,1919
69,0000	14,2727
70,0000	14,3636
71,0000	14,4444
72,0000	14,5354
73,0000	14,6162
74,0000	14,7374
75,0000	14,7677
76,0000	14,8586
77,0000	14,9293
78,0000	15,0303
79,0000	15,0808
80,0000	15,2929
81,0000	16,1919
82,0000	16,2828
83,0000	16,3838
84,0000	16,4646
85,0000	16,5455
86,0000	16,6263
87,0000	16,7374
88,0000	16,8081
89,0000	16,9091
90,0000	17,0303
91,0000	17,0404
92,0000	17,1414
93,0000	17,2222
94,0000	17,3232
95,0000	17,3939
96,0000	17,5556
97,0000	18,7172
98,0000	19,0303
99,0000	19,3636
100,0000	19,5859
